# Created by Octave 5.1.0, Mon Sep 23 15:49:39 2019 GMT <unknown@DESKTOP-GTF3N1M>
# name: N
# type: matrix
# rows: 1
# columns: 2
 -0.70710678118654746 -0.70710678118654757


# name: T
# type: matrix
# rows: 1
# columns: 2
 0.70710678118654757 -0.70710678118654746


# name: in
# type: matrix
# rows: 101
# columns: 2
 1.4142135623730949 2.1213203435596428
 1.4071424945612294 2.1142492757477775
 1.4000714267493639 2.1071782079359118
 1.3930003589374984 2.1001071401240465
 1.3859292911256331 2.0930360723121808
 1.3788582233137676 2.0859650045003155
 1.3717871555019021 2.0788939366884498
 1.3647160876900366 2.0718228688765845
 1.3576450198781711 2.0647518010647192
 1.3505739520663056 2.0576807332528535
 1.3435028842544401 2.0506096654409882
 1.3364318164425748 2.0435385976291225
 1.3293607486307093 2.0364675298172572
 1.3222896808188438 2.0293964620053915
 1.3152186130069783 2.0223253941935262
 1.3081475451951128 2.0152543263816609
 1.3010764773832473 2.0081832585697952
 1.2940054095713818 2.0011121907579299
 1.2869343417595163 1.9940411229460642
 1.279863273947651 1.9869700551341989
 1.2727922061357855 1.9798989873223334
 1.26572113832392 1.9728279195104679
 1.2586500705120545 1.9657568516986024
 1.251579002700189 1.9586857838867369
 1.2445079348883235 1.9516147160748714
 1.2374368670764579 1.9445436482630059
 1.2303657992645927 1.9374725804511406
 1.2232947314527272 1.9304015126392751
 1.2162236636408617 1.9233304448274096
 1.2091525958289961 1.9162593770155441
 1.2020815280171306 1.9091883092036785
 1.1950104602052651 1.902117241391813
 1.1879393923933996 1.8950461735799475
 1.1808683245815343 1.887975105768082
 1.1737972567696688 1.8809040379562165
 1.1667261889578033 1.8738329701443512
 1.1596551211459378 1.8667619023324857
 1.1525840533340723 1.8596908345206202
 1.1455129855222068 1.8526197667087547
 1.1384419177103413 1.8455486988968892
 1.131370849898476 1.8384776310850237
 1.1242997820866105 1.8314065632731582
 1.117228714274745 1.8243354954612929
 1.1101576464628795 1.8172644276494274
 1.103086578651014 1.8101933598375619
 1.0960155108391485 1.8031222920256964
 1.088944443027283 1.7960512242138309
 1.0818733752154177 1.7889801564019654
 1.0748023074035522 1.7819090885900999
 1.0677312395916867 1.7748380207782346
 1.0606601717798212 1.7677669529663691
 1.0535891039679557 1.7606958851545036
 1.0465180361560902 1.7536248173426381
 1.0394469683442247 1.7465537495307726
 1.0323759005323594 1.7394826817189071
 1.0253048327204939 1.7324116139070416
 1.0182337649086284 1.7253405460951763
 1.0111626970967629 1.7182694782833106
 1.0040916292848974 1.7111984104714453
 0.99702056147303186 1.7041273426595798
 0.98994949366116647 1.6970562748477143
 0.98287842584930096 1.6899852070358488
 0.97580735803743557 1.6829141392239833
 0.96873629022557006 1.6758430714121177
 0.96166522241370456 1.6687720036002522
 0.95459415460183905 1.661700935788387
 0.94752308678997355 1.6546298679765215
 0.94045201897810815 1.6475588001646559
 0.93338095116624265 1.6404877323527904
 0.92630988335437725 1.6334166645409249
 0.91923881554251174 1.6263455967290594
 0.91216774773064624 1.6192745289171939
 0.90509667991878073 1.6122034611053286
 0.89802561210691534 1.6051323932934629
 0.89095454429504983 1.5980613254815976
 0.88388347648318433 1.5909902576697321
 0.87681240867131882 1.5839191898578666
 0.86974134085945343 1.5768481220460011
 0.86267027304758792 1.5697770542341356
 0.85559920523572242 1.5627059864222703
 0.84852813742385691 1.5556349186104046
 0.84145706961199151 1.5485638507985393
 0.83438600180012601 1.5414927829866738
 0.8273149339882605 1.5344217151748083
 0.82024386617639511 1.5273506473629428
 0.8131727983645296 1.5202795795510773
 0.8061017305526641 1.513208511739212
 0.79903066274079859 1.5061374439273463
 0.7919595949289332 1.499066376115481
 0.78488852711706769 1.4919953083036155
 0.77781745930520219 1.48492424049175
 0.77074639149333679 1.4778531726798845
 0.76367532368147129 1.470782104868019
 0.75660425586960578 1.4637110370561537
 0.74953318805774027 1.456639969244288
 0.74246212024587488 1.4495689014324227
 0.73539105243400937 1.4424978336205572
 0.72831998462214387 1.4354267658086917
 0.72124891681027847 1.4283556979968262
 0.71417784899841297 1.4212846301849607
 0.70710678118654746 1.4142135623730954


# name: it
# type: matrix
# rows: 101
# columns: 2
 1.4142135623730949 2.1213203435596428
 1.4212846301849604 2.1142492757477775
 1.4283556979968259 2.1071782079359118
 1.4354267658086914 2.1001071401240465
 1.4424978336205567 2.0930360723121808
 1.4495689014324222 2.0859650045003155
 1.4566399692442877 2.0788939366884498
 1.4637110370561532 2.0718228688765845
 1.4707821048680187 2.0647518010647192
 1.4778531726798843 2.0576807332528535
 1.4849242404917498 2.0506096654409882
 1.4919953083036153 2.0435385976291225
 1.4990663761154805 2.0364675298172572
 1.5061374439273461 2.0293964620053915
 1.5132085117392116 2.0223253941935262
 1.5202795795510771 2.0152543263816609
 1.5273506473629426 2.0081832585697952
 1.5344217151748081 2.0011121907579299
 1.5414927829866736 1.9940411229460642
 1.5485638507985389 1.9869700551341989
 1.5556349186104044 1.9798989873223334
 1.5627059864222699 1.9728279195104679
 1.5697770542341354 1.9657568516986024
 1.5768481220460009 1.9586857838867369
 1.5839191898578664 1.9516147160748714
 1.5909902576697319 1.9445436482630059
 1.5980613254815972 1.9374725804511406
 1.6051323932934627 1.9304015126392751
 1.6122034611053282 1.9233304448274096
 1.6192745289171937 1.9162593770155441
 1.6263455967290592 1.9091883092036785
 1.6334166645409247 1.902117241391813
 1.6404877323527902 1.8950461735799475
 1.6475588001646557 1.8879751057680823
 1.6546298679765212 1.8809040379562167
 1.6617009357883865 1.8738329701443512
 1.668772003600252 1.8667619023324857
 1.6758430714121175 1.8596908345206202
 1.682914139223983 1.8526197667087547
 1.6899852070358485 1.8455486988968892
 1.697056274847714 1.8384776310850239
 1.7041273426595795 1.8314065632731584
 1.7111984104714448 1.8243354954612929
 1.7182694782833103 1.8172644276494274
 1.7253405460951758 1.8101933598375619
 1.7324116139070413 1.8031222920256964
 1.7394826817189069 1.7960512242138309
 1.7465537495307724 1.7889801564019656
 1.7536248173426379 1.7819090885901001
 1.7606958851545031 1.7748380207782346
 1.7677669529663687 1.7677669529663691
 1.7748380207782342 1.7606958851545036
 1.7819090885900997 1.7536248173426381
 1.7889801564019652 1.7465537495307726
 1.7960512242138307 1.7394826817189073
 1.8031222920256962 1.7324116139070418
 1.8101933598375615 1.7253405460951763
 1.8172644276494272 1.7182694782833108
 1.8243354954612925 1.7111984104714453
 1.831406563273158 1.7041273426595798
 1.8384776310850235 1.6970562748477143
 1.845548698896889 1.689985207035849
 1.8526197667087545 1.6829141392239835
 1.85969083452062 1.675843071412118
 1.8667619023324855 1.6687720036002525
 1.8738329701443508 1.661700935788387
 1.8809040379562163 1.6546298679765215
 1.8879751057680818 1.6475588001646559
 1.8950461735799473 1.6404877323527907
 1.9021172413918128 1.6334166645409252
 1.9091883092036783 1.6263455967290597
 1.9162593770155438 1.6192745289171941
 1.9233304448274091 1.6122034611053286
 1.9304015126392748 1.6051323932934634
 1.9374725804511401 1.5980613254815976
 1.9445436482630056 1.5909902576697323
 1.9516147160748711 1.5839191898578666
 1.9586857838867366 1.5768481220460013
 1.9657568516986021 1.5697770542341358
 1.9728279195104674 1.5627059864222703
 1.9798989873223332 1.5556349186104048
 1.9869700551341984 1.5485638507985393
 1.9940411229460639 1.541492782986674
 2.0011121907579295 1.5344217151748083
 2.0081832585697947 1.527350647362943
 2.0152543263816605 1.5202795795510775
 2.0223253941935257 1.513208511739212
 2.0293964620053915 1.5061374439273465
 2.0364675298172568 1.499066376115481
 2.043538597629122 1.4919953083036157
 2.0506096654409878 1.48492424049175
 2.0576807332528535 1.4778531726798847
 2.0647518010647188 1.4707821048680192
 2.0718228688765841 1.4637110370561537
 2.0788939366884498 1.4566399692442882
 2.0859650045003151 1.4495689014324227
 2.0930360723121808 1.4424978336205574
 2.1001071401240461 1.4354267658086917
 2.1071782079359114 1.4283556979968264
 2.1142492757477771 1.4212846301849609
 2.1213203435596424 1.4142135623730954


# name: pt
# type: matrix
# rows: 1
# columns: 2
 1.4142135623730949 2.1213203435596428


# name: t
# type: range
# base, limit, increment
0 1 0.01


# name: t1
# type: range
# base, limit, increment
0 1 0.01


# name: x
# type: matrix
# rows: 1
# columns: 101
 2 1.9999000008333305 1.9996000133331555 1.9991000674979751 1.9984002133219558 1.9975005207899326 1.9964010798704084 1.9951020005065592 1.9936034126052389 1.9919054660239885 1.9900083305560516 1.9879121959133936 1.9856172717077325 1.9831237874295762 1.9804319924252742 1.9775421558720845 1.9744545667512539 1.9711695338191215 1.9676873855762429 1.9640084702345406 1.9601331556824833 1.9560618294482965 1.951794898661211 1.9473327900107498 1.9426759497040593 1.9378248434212895 1.9327799562690264 1.9275417927317811 1.9221108766215418 1.9164877510253944 1.910672978251212 1.9046671397714268 1.8984708361648817 1.892084687056774 1.8855093310566924 1.8787454256947578 1.8717936473558696 1.8646546912120689 1.8573292711530205 1.8498181197146262 1.8421219880057702 1.8342416456332102 1.8261778806246165 1.8179314993497702 1.8095033264399267 1.8008942047053538 1.7921049950510504 1.7831365763906579 1.7739898455585683 1.7646657172202429 1.7551651237807455 1.7454890152915026 1.7356383593552998 1.725614141029522 1.7154173627276483 1.7050490441190114 1.6945102220268322 1.6838019503245374 1.6729252998303739 1.6618813582003271 1.6506712298193567 1.6392960356909589 1.6277569133250678 1.6160550166243037 1.6041915157685853 1.5921675970981117 1.5799844629947302 1.5676433317616985 1.5551454375018559 1.5424920299942131 1.5296843745689768 1.5167237519810164 1.5036114582817901 1.4903488046897408 1.4769371174591759 1.4633777377476418 1.4496720214818104 1.4358213392218866 1.4218270760245546 1.4076906313044721 1.3934134186943308 1.3789968659034939 1.364442414575227 1.3497515201425341 1.3349256516826162 1.3199662917699644 1.3048749363281038 1.2896530944800024 1.2743022883971604 1.2588240531473938 1.2432199365413288 1.2274914989776231 1.2116403132869256 1.1956679645745965 1.1795760500621963 1.1633661789277669 1.1470399721449134 1.1305990623207087 1.1140450935324346 1.0973797211631751 1.0806046117362795


# name: y
# type: matrix
# rows: 1
# columns: 101
 0 0.029999500002499992 0.059996000079999237 0.089986500607486974 0.11996800255990248 0.14993750781203499 0.17989201943833377 0.20982854201259832 0.23974408190751809 0.26963564759403313 0.29950024994048446 0.32933490251152442 0.3591366218667581 0.38890242785908458 0.41862934393270945 0.44831439742079765 0.4779546198427379 0.50754704720098809 0.53708872027747256 0.56657668492950175 0.59600799238518365 0.62537969953829864 0.65468886924260794 0.68393257060556523 0.71310787928140373 0.74221187776356878 0.77124165567646541 0.80019431006649344 0.82906694569234129 0.8578566753145066 0.88656061998401858 0.91517590933033044 0.94369968184835329 0.97212908518460517 1.0004612764224432 1.0286934223663542 1.0568226998252699 1.0848462958948859 1.1127614082389481 1.1405652453694843 1.1682550269259515 1.1958279839532688 1.2232813591787104 1.2506124072876323 1.2778183951979989 1.3048966023336908 1.3318443208965594 1.3586588561372051 1.3853375266244488 1.4118776645134741 1.438276615812609 1.4645317406487224 1.4906404135312101 1.5166000236145409 1.5424079749593396 1.5680616867919777 1.5935585937626502 1.6188961462019078 1.6440718103756207 1.6690830687383513 1.6939274201851062 1.7186023803014439 1.7431054816119151 1.7674342738268085 1.7915863240871763 1.8155592172081185 1.8393505559203014 1.8629579611096792 1.8863790720554059 1.909611546665904 1.9326530617130735 1.9555013130646097 1.9781540159144193 2.0006089050110938 2.0228637348844352 2.0449162800700025 2.066764335331654 2.0884057158820699 2.1098382576012304 2.1310598172528232 2.1520682726985685 2.1728615231104276 2.1934374891806878 2.2137941133298882 2.2339293599125778 2.253841215420878 2.2735276886858307 2.2929868110765153 2.3122166366969079 2.3312152425804715 2.3499807288824504 2.3685112190698514 2.3868048601090983 2.4048598226513316 2.4226743012153431 2.4402465143681211 2.4575747049029948 2.4746571400153501 2.4914921114759112 2.5080779358015617 2.5244129544236893


# name: z
# type: matrix
# rows: 1
# columns: 101
 1 0.93914018461277893 0.88220287398907893 0.82912751768391535 0.77982176863043595 0.73416829318899668 0.69203098200395186 0.65326050631491206 0.61769919833622178 0.58518526184000863 0.5555563403392465 0.52865248574717316 0.50431858075675096 0.48240627420647603 0.46277549117141187 0.44529557920802021 0.42984614979047214 0.41631767011915527 0.40461185567488367 0.3946419085501135 0.38633264103054721 0.37962051835880661 0.37445364924200208 0.37079174755811922 0.36860608391047567 0.36787944117144233 0.36860608391047567 0.37079174755811928 0.37445364924200208 0.37962051835880661 0.38633264103054721 0.39464190855011355 0.40461185567488372 0.41631767011915538 0.4298461497904722 0.44529557920802021 0.46277549117141187 0.48240627420647608 0.50431858075675107 0.52865248574717327 0.55555634033924639 0.58518526184000863 0.61769919833622189 0.65326050631491228 0.69203098200395197 0.7341682931889969 0.77982176863043595 0.82912751768391535 0.88220287398907915 0.93914018461277915 1.0000000000000002 1.0648037602738876 1.1335261190867298 1.2060870959793977 1.2823442999754326 1.3620855180987375 1.4450220091364201 1.5307828811526805 1.6189109564874113 1.7088605356458944 1.7999974573044337 1.8916018120800966 1.9828736004520366 2.0729415297197962 2.1608750227215481 2.245699366201992 2.3264137656867434 2.4020119052688478 2.4715044454938728 2.5339427423557965 2.5884429473328665 2.6342095636011651 2.670557496299681 2.6969316512181987 2.7129232089475566 2.7182818284590451 2.7129232089475566 2.6969316512181987 2.6705574962996805 2.6342095636011646 2.588442947332867 2.5339427423557956 2.4715044454938719 2.4020119052688473 2.3264137656867425 2.2456993662019911 2.1608750227215472 2.0729415297197962 1.9828736004520358 1.8916018120800959 1.7999974573044324 1.7088605356458935 1.6189109564874111 1.5307828811526798 1.4450220091364194 1.3620855180987361 1.282344299975432 1.2060870959793977 1.1335261190867292 1.0648037602738876 1.0000000000000002


